PALETKA 50 550
PILKA 248 310 4 -3
WYNIK 10
LICZBA_BLOKOW 55
0 0 3 3
100.25 0 3 3
200.5 0 3 3
300.75 0 3 3
401 0 3 3
501.25 0 3 3
601.5 0 3 3
701.75 0 3 3
0 32 2 2
100.25 32 2 2
200.5 32 2 2
300.75 32 2 2
401 32 2 2
501.25 32 2 2
601.5 32 2 2
701.75 32 2 2
0 64 2 2
100.25 64 2 2
200.5 64 2 2
300.75 64 2 2
401 64 2 2
501.25 64 2 2
601.5 64 2 2
701.75 64 2 2
0 96 1 1
100.25 96 1 1
200.5 96 1 1
300.75 96 1 1
401 96 1 1
501.25 96 1 1
601.5 96 1 1
701.75 96 1 1
0 128 1 1
100.25 128 1 1
200.5 128 1 1
300.75 128 1 1
401 128 1 1
501.25 128 1 1
601.5 128 1 1
701.75 128 1 1
0 160 1 1
100.25 160 1 1
200.5 160 1 1
300.75 160 1 1
401 160 1 1
501.25 160 1 1
601.5 160 1 1
701.75 160 1 1
0 192 1 1
100.25 192 1 1
200.5 192 1 1
300.75 192 1 1
501.25 192 1 1
601.5 192 1 1
701.75 192 1 1
